2.0 
2.0 
1.99999999999 
1.99999999994 
1.99999999995 
1.99999999999 
2.0 
2.0 
2.0 
1.99999999993 
1.99999999695 
1.99999998069 
1.99999998345 
1.99999999808 
1.99999999997 
2.0 
1.99999999999 
1.99999999695 
1.99999985728 
1.9999990966 
1.99999922608 
1.99999991027 
1.99999999859 
2.0 
1.99999999994 
1.99999998069 
1.9999990966 
1.99999428145 
1.99999510104 
1.99999943198 
1.99999999108 
1.99999999998 
1.99999999995 
1.99999998345 
1.99999922608 
1.99999510104 
1.99999580283 
1.99999951296 
1.99999999229 
1.99999999998 
1.99999999999 
1.99999999808 
1.99999991027 
1.99999943198 
1.99999951296 
1.99999994303 
1.99999999903 
2.0 
2.0 
1.99999999997 
1.99999999859 
1.99999999108 
1.99999999229 
1.99999999903 
1.99999999997 
2.0 
2.0 
2.0 
2.0 
1.99999999998 
1.99999999998 
2.0 
2.0 
2.0 
2.0 
1.99999999993 
1.99999999695 
1.99999998069 
1.99999998345 
1.99999999808 
1.99999999997 
2.0 
1.99999999993 
1.99999997745 
1.99999894545 
1.9999933247 
1.99999428145 
1.999999337 
1.9999999896 
1.99999999998 
1.99999999695 
1.99999894545 
1.99995067582 
1.99968777791 
1.99973252585 
1.99996898689 
1.99999951296 
1.99999999896 
1.99999998069 
1.9999933247 
1.99968777791 
1.99802361852 
1.99830674157 
1.99980351395 
1.99999688967 
1.99999999281 
1.99999998345 
1.99999428145 
1.99973252585 
1.99830674157 
1.99854815353 
1.99983018189 
1.99999709944 
1.99999998879 
1.99999999808 
1.999999337 
1.99996898689 
1.99980351395 
1.99983018189 
1.99997856761 
1.9999993882 
1.99999999281 
1.99999999997 
1.9999999896 
1.99999951296 
1.99999688967 
1.99999709944 
1.9999993882 
1.99999994687 
1.99999999896 
2.0 
1.99999999998 
1.99999999896 
1.99999999281 
1.99999998879 
1.99999999281 
1.99999999896 
1.99999999998 
1.99999999999 
1.99999999695 
1.99999985728 
1.9999990966 
1.99999922608 
1.99999991027 
1.99999999859 
2.0 
1.99999999695 
1.99999894545 
1.99995067582 
1.99968777791 
1.99973252585 
1.99996898689 
1.99999951296 
1.99999999896 
1.99999985728 
1.99995067582 
1.99769297349 
1.98539640639 
1.98748841846 
1.99854815353 
1.99997701762 
1.99999994687 
1.9999990966 
1.99968777791 
1.98539640639 
1.90755122215 
1.92073186859 
1.99072824554 
1.99984163483 
1.9999993882 
1.99999922608 
1.99973252585 
1.98748841846 
1.92073186859 
1.93149048619 
1.99135355479 
1.99975318039 
1.99999709944 
1.99999991027 
1.99996898689 
1.99854815353 
1.99072824554 
1.99135355479 
1.99817623607 
1.99984163483 
1.99999688967 
1.99999999859 
1.99999951296 
1.99997701762 
1.99984163483 
1.99975318039 
1.99984163483 
1.99997701762 
1.99999951296 
2.0 
1.99999999896 
1.99999994687 
1.9999993882 
1.99999709944 
1.99999688967 
1.99999951296 
1.9999999896 
1.99999999994 
1.99999998069 
1.9999990966 
1.99999428145 
1.99999510104 
1.99999943198 
1.99999999108 
1.99999999998 
1.99999998069 
1.9999933247 
1.99968777791 
1.99802361852 
1.99830674157 
1.99980351395 
1.99999688967 
1.99999999281 
1.9999990966 
1.99968777791 
1.98539640639 
1.90755122215 
1.92073186859 
1.99072824554 
1.99984163483 
1.9999993882 
1.99999428145 
1.99802361852 
1.90755122215 
1.41428333012 
1.49377935912 
1.93611093126 
1.99817623607 
1.99997856761 
1.99999510104 
1.99830674157 
1.92073186859 
1.49377935912 
1.527920087 
1.90042586326 
1.99135355479 
1.99983018189 
1.99999943198 
1.99980351395 
1.99072824554 
1.93611093126 
1.90042586326 
1.93611093126 
1.99072824554 
1.99980351395 
1.99999999108 
1.99999688967 
1.99984163483 
1.99817623607 
1.99135355479 
1.99072824554 
1.99854815353 
1.99996898689 
1.99999999998 
1.99999999281 
1.9999993882 
1.99997856761 
1.99983018189 
1.99980351395 
1.99996898689 
1.999999337 
1.99999999995 
1.99999998345 
1.99999922608 
1.99999510104 
1.99999580283 
1.99999951296 
1.99999999229 
1.99999999998 
1.99999998345 
1.99999428145 
1.99973252585 
1.99830674157 
1.99854815353 
1.99983018189 
1.99999709944 
1.99999998879 
1.99999922608 
1.99973252585 
1.98748841846 
1.92073186859 
1.93149048619 
1.99135355479 
1.99975318039 
1.99999709944 
1.99999510104 
1.99830674157 
1.92073186859 
1.49377935912 
1.527920087 
1.90042586326 
1.99135355479 
1.99983018189 
1.99999580283 
1.99854815353 
1.93149048619 
1.527920087 
1.26424111766 
1.527920087 
1.93149048619 
1.99854815353 
1.99999951296 
1.99983018189 
1.99135355479 
1.90042586326 
1.527920087 
1.49377935912 
1.92073186859 
1.99830674157 
1.99999999229 
1.99999709944 
1.99975318039 
1.99135355479 
1.93149048619 
1.92073186859 
1.98748841846 
1.99973252585 
1.99999999998 
1.99999998879 
1.99999709944 
1.99983018189 
1.99854815353 
1.99830674157 
1.99973252585 
1.99999428145 
1.99999999999 
1.99999999808 
1.99999991027 
1.99999943198 
1.99999951296 
1.99999994303 
1.99999999903 
2.0 
1.99999999808 
1.999999337 
1.99996898689 
1.99980351395 
1.99983018189 
1.99997856761 
1.9999993882 
1.99999999281 
1.99999991027 
1.99996898689 
1.99854815353 
1.99072824554 
1.99135355479 
1.99817623607 
1.99984163483 
1.99999688967 
1.99999943198 
1.99980351395 
1.99072824554 
1.93611093126 
1.90042586326 
1.93611093126 
1.99072824554 
1.99980351395 
1.99999951296 
1.99983018189 
1.99135355479 
1.90042586326 
1.527920087 
1.49377935912 
1.92073186859 
1.99830674157 
1.99999994303 
1.99997856761 
1.99817623607 
1.93611093126 
1.49377935912 
1.41428333012 
1.90755122215 
1.99802361852 
1.99999999903 
1.9999993882 
1.99984163483 
1.99072824554 
1.92073186859 
1.90755122215 
1.98539640639 
1.99968777791 
2.0 
1.99999999281 
1.99999688967 
1.99980351395 
1.99830674157 
1.99802361852 
1.99968777791 
1.9999933247 
2.0 
1.99999999997 
1.99999999859 
1.99999999108 
1.99999999229 
1.99999999903 
1.99999999997 
2.0 
1.99999999997 
1.9999999896 
1.99999951296 
1.99999688967 
1.99999709944 
1.9999993882 
1.99999994687 
1.99999999896 
1.99999999859 
1.99999951296 
1.99997701762 
1.99984163483 
1.99975318039 
1.99984163483 
1.99997701762 
1.99999951296 
1.99999999108 
1.99999688967 
1.99984163483 
1.99817623607 
1.99135355479 
1.99072824554 
1.99854815353 
1.99996898689 
1.99999999229 
1.99999709944 
1.99975318039 
1.99135355479 
1.93149048619 
1.92073186859 
1.98748841846 
1.99973252585 
1.99999999903 
1.9999993882 
1.99984163483 
1.99072824554 
1.92073186859 
1.90755122215 
1.98539640639 
1.99968777791 
1.99999999997 
1.99999994687 
1.99997701762 
1.99854815353 
1.98748841846 
1.98539640639 
1.99769297349 
1.99995067582 
2.0 
1.99999999896 
1.99999951296 
1.99996898689 
1.99973252585 
1.99968777791 
1.99995067582 
1.99999894545 
2.0 
2.0 
2.0 
1.99999999998 
1.99999999998 
2.0 
2.0 
2.0 
2.0 
1.99999999998 
1.99999999896 
1.99999999281 
1.99999998879 
1.99999999281 
1.99999999896 
1.99999999998 
2.0 
1.99999999896 
1.99999994687 
1.9999993882 
1.99999709944 
1.99999688967 
1.99999951296 
1.9999999896 
1.99999999998 
1.99999999281 
1.9999993882 
1.99997856761 
1.99983018189 
1.99980351395 
1.99996898689 
1.999999337 
1.99999999998 
1.99999998879 
1.99999709944 
1.99983018189 
1.99854815353 
1.99830674157 
1.99973252585 
1.99999428145 
2.0 
1.99999999281 
1.99999688967 
1.99980351395 
1.99830674157 
1.99802361852 
1.99968777791 
1.9999933247 
2.0 
1.99999999896 
1.99999951296 
1.99996898689 
1.99973252585 
1.99968777791 
1.99995067582 
1.99999894545 
2.0 
1.99999999998 
1.9999999896 
1.999999337 
1.99999428145 
1.9999933247 
1.99999894545 
1.99999997745 
