0.499038
0.499197
0.499354
0.499589
0.499598
0.499502
0.499300
0.499214
0.499353
0.499414
0.499479
0.499215
0.499379
0.499542
0.499783
0.499796
0.499702
0.499498
0.499407
0.499540
0.499595
0.499656
0.499389
0.499558
0.499729
0.499978
0.499999
0.499909
0.499701
0.499603
0.499727
0.499775
0.499829
0.499638
0.499814
0.499993
0.500254
0.500288
0.500205
0.499990
0.499879
0.499992
0.500031
0.500079
0.499656
0.499837
0.500024
0.500298
0.500353
0.500287
0.500056
0.499922
0.500022
0.500054
0.500097
0.499565
0.499747
0.499937
0.500218
0.500291
0.500282
0.499993
0.499842
0.499936
0.499964
0.500005
0.499358
0.499539
0.499726
0.500000
0.500056
0.499989
0.499758
0.499624
0.499724
0.499756
0.499799
0.499262
0.499438
0.499617
0.499879
0.499912
0.499829
0.499614
0.499503
0.499616
0.499655
0.499703
0.499387
0.499557
0.499727
0.499977
0.499998
0.499907
0.499700
0.499601
0.499726
0.499774
0.499828
0.499431
0.499595
0.499758
0.499999
0.500012
0.499919
0.499714
0.499623
0.499757
0.499812
0.499872
0.499479
0.499638
0.499795
0.500030
0.500038
0.499943
0.499741
0.499654
0.499794
0.499855
0.499920
0.499197
0.499356
0.499513
0.499749
0.499757
0.499661
0.499459
0.499373
0.499512
0.499573
0.499638
0.499379
0.499543
0.499706
0.499947
0.499960
0.499866
0.499662
0.499571
0.499704
0.499760
0.499820
0.499558
0.499728
0.499899
0.500148
0.500169
0.500079
0.499871
0.499772
0.499897
0.499945
0.499999
0.499814
0.499990
0.500169
0.500430
0.500464
0.500381
0.500166
0.500054
0.500167
0.500207
0.500255
0.499837
0.500017
0.500204
0.500479
0.500534
0.500468
0.500236
0.500103
0.500203
0.500234
0.500278
0.499747
0.499929
0.500119
0.500401
0.500473
0.500465
0.500175
0.500025
0.500118
0.500146
0.500188
0.499539
0.499720
0.499906
0.500181
0.500236
0.500170
0.499938
0.499805
0.499905
0.499936
0.499980
0.499438
0.499614
0.499793
0.500054
0.500088
0.500005
0.499790
0.499678
0.499791
0.499831
0.499879
0.499557
0.499727
0.499897
0.500147
0.500167
0.500077
0.499870
0.499771
0.499896
0.499944
0.499998
0.499595
0.499760
0.499922
0.500163
0.500176
0.500083
0.499878
0.499788
0.499921
0.499976
0.500036
0.499638
0.499797
0.499954
0.500189
0.500198
0.500102
0.499900
0.499814
0.499953
0.500014
0.500079
0.499354
0.499513
0.499670
0.499906
0.499914
0.499818
0.499616
0.499530
0.499669
0.499730
0.499795
0.499542
0.499706
0.499869
0.500110
0.500122
0.500029
0.499825
0.499734
0.499867
0.499922
0.499982
0.499729
0.499899
0.500069
0.500319
0.500339
0.500249
0.500041
0.499943
0.500068
0.500115
0.500170
0.499993
0.500169
0.500348
0.500609
0.500643
0.500559
0.500345
0.500233
0.500346
0.500386
0.500434
0.500024
0.500204
0.500391
0.500665
0.500721
0.500654
0.500423
0.500290
0.500389
0.500421
0.500464
0.499937
0.500119
0.500309
0.500591
0.500663
0.500655
0.500365
0.500215
0.500308
0.500336
0.500378
0.499726
0.499906
0.500093
0.500368
0.500423
0.500356
0.500125
0.499992
0.500092
0.500123
0.500167
0.499617
0.499793
0.499972
0.500233
0.500267
0.500184
0.499969
0.499857
0.499970
0.500010
0.500058
0.499727
0.499897
0.500068
0.500317
0.500338
0.500248
0.500040
0.499941
0.500066
0.500114
0.500168
0.499758
0.499922
0.500085
0.500326
0.500339
0.500246
0.500041
0.499950
0.500084
0.500139
0.500199
0.499795
0.499954
0.500111
0.500347
0.500355
0.500259
0.500057
0.499971
0.500110
0.500171
0.500236
0.499589
0.499749
0.499906
0.500141
0.500149
0.500054
0.499851
0.499765
0.499904
0.499965
0.500030
0.499783
0.499947
0.500110
0.500351
0.500364
0.500270
0.500066
0.499975
0.500108
0.500163
0.500224
0.499978
0.500148
0.500319
0.500568
0.500589
0.500499
0.500291
0.500192
0.500317
0.500365
0.500419
0.500254
0.500430
0.500609
0.500871
0.500904
0.500821
0.500607
0.500495
0.500608
0.500647
0.500695
0.500298
0.500479
0.500665
0.500940
0.500995
0.500929
0.500697
0.500564
0.500664
0.500696
0.500739
0.500218
0.500401
0.500591
0.500872
0.500944
0.500936
0.500646
0.500496
0.500589
0.500618
0.500659
0.500000
0.500181
0.500368
0.500642
0.500697
0.500631
0.500400
0.500266
0.500366
0.500398
0.500441
0.499879
0.500054
0.500233
0.500495
0.500529
0.500445
0.500231
0.500119
0.500232
0.500271
0.500319
0.499977
0.500147
0.500317
0.500567
0.500587
0.500497
0.500290
0.500191
0.500316
0.500364
0.500418
0.499999
0.500163
0.500326
0.500567
0.500580
0.500487
0.500282
0.500192
0.500325
0.500380
0.500440
0.500030
0.500189
0.500347
0.500582
0.500590
0.500494
0.500292
0.500206
0.500345
0.500406
0.500471
0.499598
0.499757
0.499914
0.500149
0.500157
0.500062
0.499859
0.499773
0.499912
0.499973
0.500038
0.499796
0.499960
0.500122
0.500364
0.500376
0.500283
0.500078
0.499988
0.500121
0.500176
0.500236
0.499999
0.500169
0.500339
0.500589
0.500609
0.500519
0.500312
0.500213
0.500338
0.500386
0.500440
0.500288
0.500464
0.500643
0.500904
0.500938
0.500855
0.500640
0.500529
0.500642
0.500681
0.500729
0.500353
0.500534
0.500721
0.500995
0.501051
0.500984
0.500753
0.500619
0.500719
0.500751
0.500794
0.500291
0.500473
0.500663
0.500944
0.501017
0.501008
0.500719
0.500568
0.500662
0.500690
0.500732
0.500056
0.500236
0.500423
0.500697
0.500753
0.500686
0.500455
0.500322
0.500421
0.500453
0.500496
0.499912
0.500088
0.500267
0.500529
0.500562
0.500479
0.500264
0.500153
0.500266
0.500305
0.500353
0.499998
0.500167
0.500338
0.500587
0.500608
0.500518
0.500310
0.500212
0.500336
0.500384
0.500439
0.500012
0.500176
0.500339
0.500580
0.500593
0.500500
0.500295
0.500204
0.500338
0.500393
0.500453
0.500038
0.500198
0.500355
0.500590
0.500598
0.500502
0.500300
0.500214
0.500353
0.500414
0.500479
0.499502
0.499661
0.499818
0.500054
0.500062
0.499966
0.499764
0.499678
0.499817
0.499878
0.499943
0.499702
0.499866
0.500029
0.500270
0.500283
0.500189
0.499985
0.499894
0.500028
0.500083
0.500143
0.499909
0.500079
0.500249
0.500499
0.500519
0.500429
0.500221
0.500123
0.500248
0.500295
0.500350
0.500205
0.500381
0.500559
0.500821
0.500855
0.500771
0.500557
0.500445
0.500558
0.500597
0.500646
0.500287
0.500468
0.500654
0.500929
0.500984
0.500918
0.500686
0.500553
0.500653
0.500684
0.500728
0.500282
0.500465
0.500655
0.500936
0.501008
0.501000
0.500710
0.500560
0.500653
0.500681
0.500723
0.499989
0.500170
0.500356
0.500631
0.500686
0.500620
0.500388
0.500255
0.500355
0.500386
0.500430
0.499829
0.500005
0.500184
0.500445
0.500479
0.500395
0.500181
0.500069
0.500182
0.500221
0.500270
0.499907
0.500077
0.500248
0.500497
0.500518
0.500428
0.500220
0.500121
0.500246
0.500294
0.500348
0.499919
0.500083
0.500246
0.500487
0.500500
0.500406
0.500202
0.500111
0.500244
0.500300
0.500360
0.499943
0.500102
0.500259
0.500494
0.500502
0.500407
0.500205
0.500118
0.500258
0.500319
0.500384
0.499300
0.499459
0.499616
0.499851
0.499859
0.499764
0.499561
0.499475
0.499614
0.499675
0.499741
0.499498
0.499662
0.499825
0.500066
0.500078
0.499985
0.499781
0.499690
0.499823
0.499878
0.499938
0.499701
0.499871
0.500041
0.500291
0.500312
0.500221
0.500014
0.499915
0.500040
0.500088
0.500142
0.499990
0.500166
0.500345
0.500607
0.500640
0.500557
0.500342
0.500231
0.500344
0.500383
0.500431
0.500056
0.500236
0.500423
0.500697
0.500753
0.500686
0.500455
0.500322
0.500421
0.500453
0.500496
0.499993
0.500175
0.500365
0.500646
0.500719
0.500710
0.500421
0.500271
0.500364
0.500392
0.500434
0.499758
0.499938
0.500125
0.500400
0.500455
0.500388
0.500157
0.500024
0.500123
0.500155
0.500198
0.499614
0.499790
0.499969
0.500231
0.500264
0.500181
0.499966
0.499855
0.499968
0.500007
0.500055
0.499700
0.499870
0.500040
0.500290
0.500310
0.500220
0.500012
0.499914
0.500038
0.500086
0.500141
0.499714
0.499878
0.500041
0.500282
0.500295
0.500202
0.499997
0.499906
0.500040
0.500095
0.500155
0.499741
0.499900
0.500057
0.500292
0.500300
0.500205
0.500002
0.499916
0.500055
0.500116
0.500181
0.499214
0.499373
0.499530
0.499765
0.499773
0.499678
0.499475
0.499389
0.499528
0.499589
0.499654
0.499407
0.499571
0.499734
0.499975
0.499988
0.499894
0.499690
0.499599
0.499732
0.499788
0.499848
0.499603
0.499772
0.499943
0.500192
0.500213
0.500123
0.499915
0.499816
0.499941
0.499989
0.500043
0.499879
0.500054
0.500233
0.500495
0.500529
0.500445
0.500231
0.500119
0.500232
0.500271
0.500319
0.499922
0.500103
0.500290
0.500564
0.500619
0.500553
0.500322
0.500188
0.500288
0.500320
0.500363
0.499842
0.500025
0.500215
0.500496
0.500568
0.500560
0.500271
0.500120
0.500213
0.500242
0.500283
0.499624
0.499805
0.499992
0.500266
0.500322
0.500255
0.500024
0.499890
0.499990
0.500022
0.500065
0.499503
0.499678
0.499857
0.500119
0.500153
0.500069
0.499855
0.499743
0.499856
0.499895
0.499944
0.499601
0.499771
0.499941
0.500191
0.500212
0.500121
0.499914
0.499815
0.499940
0.499988
0.500042
0.499623
0.499788
0.499950
0.500192
0.500204
0.500111
0.499906
0.499816
0.499949
0.500004
0.500064
0.499654
0.499814
0.499971
0.500206
0.500214
0.500118
0.499916
0.499830
0.499969
0.500030
0.500095
0.499353
0.499512
0.499669
0.499904
0.499912
0.499817
0.499614
0.499528
0.499668
0.499729
0.499794
0.499540
0.499704
0.499867
0.500108
0.500121
0.500028
0.499823
0.499732
0.499866
0.499921
0.499981
0.499727
0.499897
0.500068
0.500317
0.500338
0.500248
0.500040
0.499941
0.500066
0.500114
0.500168
0.499992
0.500167
0.500346
0.500608
0.500642
0.500558
0.500344
0.500232
0.500345
0.500384
0.500432
0.500022
0.500203
0.500389
0.500664
0.500719
0.500653
0.500421
0.500288
0.500388
0.500419
0.500463
0.499936
0.500118
0.500308
0.500589
0.500662
0.500653
0.500364
0.500213
0.500307
0.500335
0.500376
0.499724
0.499905
0.500092
0.500366
0.500421
0.500355
0.500123
0.499990
0.500090
0.500122
0.500165
0.499616
0.499791
0.499970
0.500232
0.500266
0.500182
0.499968
0.499856
0.499969
0.500008
0.500057
0.499726
0.499896
0.500066
0.500316
0.500336
0.500246
0.500038
0.499940
0.500065
0.500113
0.500167
0.499757
0.499921
0.500084
0.500325
0.500338
0.500244
0.500040
0.499949
0.500082
0.500138
0.500198
0.499794
0.499953
0.500110
0.500345
0.500353
0.500258
0.500055
0.499969
0.500109
0.500170
0.500235
0.499414
0.499573
0.499730
0.499965
0.499973
0.499878
0.499675
0.499589
0.499729
0.499790
0.499855
0.499595
0.499760
0.499922
0.500163
0.500176
0.500083
0.499878
0.499788
0.499921
0.499976
0.500036
0.499775
0.499945
0.500115
0.500365
0.500386
0.500295
0.500088
0.499989
0.500114
0.500162
0.500216
0.500031
0.500207
0.500386
0.500647
0.500681
0.500597
0.500383
0.500271
0.500384
0.500423
0.500472
0.500054
0.500234
0.500421
0.500696
0.500751
0.500684
0.500453
0.500320
0.500419
0.500451
0.500495
0.499964
0.500146
0.500336
0.500618
0.500690
0.500681
0.500392
0.500242
0.500335
0.500363
0.500405
0.499756
0.499936
0.500123
0.500398
0.500453
0.500386
0.500155
0.500022
0.500122
0.500153
0.500197
0.499655
0.499831
0.500010
0.500271
0.500305
0.500221
0.500007
0.499895
0.500008
0.500047
0.500096
0.499774
0.499944
0.500114
0.500364
0.500384
0.500294
0.500086
0.499988
0.500113
0.500160
0.500215
0.499812
0.499976
0.500139
0.500380
0.500393
0.500300
0.500095
0.500004
0.500138
0.500193
0.500253
0.499855
0.500014
0.500171
0.500406
0.500414
0.500319
0.500116
0.500030
0.500170
0.500231
0.500296
0.499479
0.499638
0.499795
0.500030
0.500038
0.499943
0.499741
0.499654
0.499794
0.499855
0.499920
0.499656
0.499820
0.499982
0.500224
0.500236
0.500143
0.499938
0.499848
0.499981
0.500036
0.500096
0.499829
0.499999
0.500170
0.500419
0.500440
0.500350
0.500142
0.500043
0.500168
0.500216
0.500270
0.500079
0.500255
0.500434
0.500695
0.500729
0.500646
0.500431
0.500319
0.500432
0.500472
0.500520
0.500097
0.500278
0.500464
0.500739
0.500794
0.500728
0.500496
0.500363
0.500463
0.500495
0.500538
0.500005
0.500188
0.500378
0.500659
0.500732
0.500723
0.500434
0.500283
0.500376
0.500405
0.500446
0.499799
0.499980
0.500167
0.500441
0.500496
0.500430
0.500198
0.500065
0.500165
0.500197
0.500240
0.499703
0.499879
0.500058
0.500319
0.500353
0.500270
0.500055
0.499944
0.500057
0.500096
0.500144
0.499828
0.499998
0.500168
0.500418
0.500439
0.500348
0.500141
0.500042
0.500167
0.500215
0.500269
0.499872
0.500036
0.500199
0.500440
0.500453
0.500360
0.500155
0.500064
0.500198
0.500253
0.500313
0.499920
0.500079
0.500236
0.500471
0.500479
0.500384
0.500181
0.500095
0.500235
0.500296
0.500361
